image: tf_map.png
resolution: 0.0250000
origin: [-5.0, -5.0, 0.000000]
negate: 0
occupied_thresh: 0.65
free_thresh: 0.196

